-¿µÁ¡ 2015 09 30-


ZERO G6A,101,  97, 102, 103, 101, 100
ZERO G6B,101, 103, 100, 100, 100, 100
ZERO G6C,100, 106,  99, 100, 100, 100
ZERO G6D, 97,  99, 105, 101, 103, 100


-20151003-

ZERO G6A,101,  98, 100, 104, 102, 100
ZERO G6B,101, 107, 100, 100, 100, 100
ZERO G6C,100, 106,  99, 100, 100, 100
ZERO G6D, 97,  99, 105, 101, 104, 100


-20151024-

ZERO G6A,100,  98, 100, 104, 102, 100
ZERO G6B,101, 107, 100, 100, 100, 100
ZERO G6C,100, 106,  99, 100, 100, 100
ZERO G6D, 97,  99, 104, 102, 104, 100